-----------------------npp_f
0.39992072929052713
0.39080459770114945
0.374157748711851
0.37138327388030123
0.37257233452239397
0.3745541022592152
0.37296868806975825
-----------------------npp_t
0.40309155766944116
0.3927863654379707
0.38287752675386444
0.3824811732065002
0.38406658739595717
0.37812128418549346
0.37772493063812923
-----------------------pp_f
0.3868410622275069
0.39040824415378517
0.38367023384859295
0.3935790725326992
0.38367023384859295
0.38287752675386444
0.3808957590170432
-----------------------pp_t
0.3939754260800634
0.3915973047958779
0.39437177962742764
0.39556084026952043
0.3856520015854142
0.39040824415378517
0.3876337693222354