-------------------------npp_f
0.5921521997621879
0.5850178359096314
0.5665873959571938
0.5671819262782402
0.5618311533888228
0.5618311533888228
0.5564803804994055
-------------------------npp_t
0.5957193816884662
0.5850178359096314
0.5677764565992865
0.5760998810939358
0.5582639714625446
0.5612366230677764
0.5552913198573127
------------------------pp_f
0.5885850178359097
0.6046373365041617
0.582639714625446
0.5802615933412604
0.5891795481569561
0.5856123662306778
0.584423305588585
------------------------pp_t
0.6004756242568371
0.6070154577883472
0.5909631391200951
0.5915576694411415
0.593935790725327
0.593935790725327
0.5945303210463734